rgb(255, 255, 255)	rgb(255, 255, 255)	rgb(255, 255, 255)	rgb(255, 255, 255)	rgb(255, 255, 255)	rgb(255, 255, 255)	rgb(255, 255, 255)	rgb(255, 255, 255)	rgb(255, 255, 255)	rgb(255, 255, 255)	rgb(255, 255, 255)	rgb(255, 255, 255)	rgb(255, 255, 255)	rgb(255, 255, 255)	rgb(255, 255, 255)	rgb(255, 255, 255)	rgb(255, 255, 255)	rgb(255, 255, 255)	rgb(255, 255, 255)	rgb(255, 255, 255)
rgb(255, 255, 255)	rgb(255, 255, 255)	rgb(255, 255, 255)	rgb(255, 255, 255)	rgb(255, 255, 255)	rgb(255, 255, 255)	rgb(255, 255, 255)	rgb(255, 255, 255)	rgb(255, 255, 255)	rgb(255, 255, 255)	rgb(255, 255, 255)	rgb(255, 255, 255)	rgb(255, 255, 255)	rgb(255, 255, 255)	rgb(255, 255, 255)	rgb(255, 255, 255)	rgb(255, 255, 255)	rgb(255, 255, 255)	rgb(255, 255, 255)	rgb(255, 255, 255)
rgb(255, 255, 255)	rgb(255, 255, 255)	rgb(255, 255, 255)	rgb(255, 255, 255)	rgb(255, 255, 255)	rgb(255, 255, 255)	rgb(255, 255, 255)	rgb(0, 0, 0)	rgb(0, 0, 0)	rgb(0, 0, 0)	rgb(0, 0, 0)	rgb(0, 0, 0)	rgb(0, 0, 0)	rgb(255, 255, 255)	rgb(255, 255, 255)	rgb(255, 255, 255)	rgb(255, 255, 255)	rgb(255, 255, 255)	rgb(255, 255, 255)	rgb(255, 255, 255)
rgb(255, 255, 255)	rgb(255, 255, 255)	rgb(255, 255, 255)	rgb(255, 255, 255)	rgb(255, 255, 255)	rgb(0, 0, 0)	rgb(0, 0, 0)	rgb(255, 87, 33)	rgb(255, 87, 33)	rgb(255, 87, 33)	rgb(255, 87, 33)	rgb(255, 255, 255)	rgb(255, 255, 255)	rgb(0, 0, 0)	rgb(0, 0, 0)	rgb(255, 255, 255)	rgb(255, 255, 255)	rgb(255, 255, 255)	rgb(255, 255, 255)	rgb(255, 255, 255)
rgb(255, 255, 255)	rgb(255, 255, 255)	rgb(255, 255, 255)	rgb(255, 255, 255)	rgb(0, 0, 0)	rgb(255, 255, 255)	rgb(255, 255, 255)	rgb(255, 87, 33)	rgb(255, 87, 33)	rgb(255, 87, 33)	rgb(255, 87, 33)	rgb(255, 255, 255)	rgb(255, 255, 255)	rgb(255, 255, 255)	rgb(255, 255, 255)	rgb(0, 0, 0)	rgb(255, 255, 255)	rgb(255, 255, 255)	rgb(255, 255, 255)	rgb(255, 255, 255)
rgb(255, 255, 255)	rgb(255, 255, 255)	rgb(255, 255, 255)	rgb(0, 0, 0)	rgb(255, 255, 255)	rgb(255, 255, 255)	rgb(255, 87, 33)	rgb(255, 87, 33)	rgb(255, 87, 33)	rgb(255, 87, 33)	rgb(255, 87, 33)	rgb(255, 87, 33)	rgb(255, 255, 255)	rgb(255, 255, 255)	rgb(255, 255, 255)	rgb(255, 255, 255)	rgb(0, 0, 0)	rgb(255, 255, 255)	rgb(255, 255, 255)	rgb(255, 255, 255)
rgb(255, 255, 255)	rgb(255, 255, 255)	rgb(255, 255, 255)	rgb(0, 0, 0)	rgb(255, 255, 255)	rgb(255, 87, 33)	rgb(255, 87, 33)	rgb(255, 255, 255)	rgb(255, 255, 255)	rgb(255, 255, 255)	rgb(255, 255, 255)	rgb(255, 87, 33)	rgb(255, 87, 33)	rgb(255, 255, 255)	rgb(255, 255, 255)	rgb(255, 255, 255)	rgb(0, 0, 0)	rgb(255, 255, 255)	rgb(255, 255, 255)	rgb(255, 255, 255)
rgb(255, 255, 255)	rgb(255, 255, 255)	rgb(0, 0, 0)	rgb(255, 87, 33)	rgb(255, 87, 33)	rgb(255, 87, 33)	rgb(255, 255, 255)	rgb(255, 255, 255)	rgb(255, 255, 255)	rgb(255, 255, 255)	rgb(255, 255, 255)	rgb(255, 255, 255)	rgb(255, 87, 33)	rgb(255, 87, 33)	rgb(255, 87, 33)	rgb(255, 87, 33)	rgb(255, 87, 33)	rgb(0, 0, 0)	rgb(255, 255, 255)	rgb(255, 255, 255)
rgb(255, 255, 255)	rgb(255, 255, 255)	rgb(0, 0, 0)	rgb(255, 87, 33)	rgb(255, 87, 33)	rgb(255, 87, 33)	rgb(255, 255, 255)	rgb(255, 255, 255)	rgb(255, 255, 255)	rgb(255, 255, 255)	rgb(255, 255, 255)	rgb(255, 255, 255)	rgb(255, 87, 33)	rgb(255, 87, 33)	rgb(255, 255, 255)	rgb(255, 255, 255)	rgb(255, 87, 33)	rgb(0, 0, 0)	rgb(255, 255, 255)	rgb(255, 255, 255)
rgb(255, 255, 255)	rgb(255, 255, 255)	rgb(0, 0, 0)	rgb(255, 255, 255)	rgb(255, 87, 33)	rgb(255, 87, 33)	rgb(255, 255, 255)	rgb(255, 255, 255)	rgb(255, 255, 255)	rgb(255, 255, 255)	rgb(255, 255, 255)	rgb(255, 255, 255)	rgb(255, 87, 33)	rgb(255, 255, 255)	rgb(255, 255, 255)	rgb(255, 255, 255)	rgb(255, 255, 255)	rgb(0, 0, 0)	rgb(255, 255, 255)	rgb(255, 255, 255)
rgb(255, 255, 255)	rgb(255, 255, 255)	rgb(0, 0, 0)	rgb(255, 255, 255)	rgb(255, 255, 255)	rgb(255, 87, 33)	rgb(255, 87, 33)	rgb(255, 255, 255)	rgb(255, 255, 255)	rgb(255, 255, 255)	rgb(255, 255, 255)	rgb(255, 87, 33)	rgb(255, 87, 33)	rgb(255, 255, 255)	rgb(255, 255, 255)	rgb(255, 255, 255)	rgb(255, 255, 255)	rgb(0, 0, 0)	rgb(255, 255, 255)	rgb(255, 255, 255)
rgb(255, 255, 255)	rgb(255, 255, 255)	rgb(0, 0, 0)	rgb(255, 255, 255)	rgb(255, 255, 255)	rgb(255, 87, 33)	rgb(255, 87, 33)	rgb(255, 87, 33)	rgb(255, 87, 33)	rgb(255, 87, 33)	rgb(255, 87, 33)	rgb(255, 87, 33)	rgb(255, 87, 33)	rgb(255, 87, 33)	rgb(255, 255, 255)	rgb(255, 255, 255)	rgb(255, 87, 33)	rgb(0, 0, 0)	rgb(255, 255, 255)	rgb(255, 255, 255)
rgb(255, 255, 255)	rgb(255, 255, 255)	rgb(0, 0, 0)	rgb(255, 255, 255)	rgb(255, 87, 33)	rgb(255, 87, 33)	rgb(0, 0, 0)	rgb(0, 0, 0)	rgb(0, 0, 0)	rgb(0, 0, 0)	rgb(0, 0, 0)	rgb(0, 0, 0)	rgb(0, 0, 0)	rgb(0, 0, 0)	rgb(255, 87, 33)	rgb(255, 87, 33)	rgb(255, 87, 33)	rgb(0, 0, 0)	rgb(255, 255, 255)	rgb(255, 255, 255)
rgb(255, 255, 255)	rgb(255, 255, 255)	rgb(255, 255, 255)	rgb(0, 0, 0)	rgb(0, 0, 0)	rgb(0, 0, 0)	rgb(255, 200, 144)	rgb(255, 200, 144)	rgb(0, 0, 0)	rgb(255, 200, 144)	rgb(255, 200, 144)	rgb(0, 0, 0)	rgb(255, 200, 144)	rgb(255, 200, 144)	rgb(0, 0, 0)	rgb(0, 0, 0)	rgb(0, 0, 0)	rgb(255, 255, 255)	rgb(255, 255, 255)	rgb(255, 255, 255)
rgb(255, 255, 255)	rgb(255, 255, 255)	rgb(255, 255, 255)	rgb(255, 255, 255)	rgb(0, 0, 0)	rgb(255, 200, 144)	rgb(255, 224, 144)	rgb(255, 224, 144)	rgb(0, 0, 0)	rgb(255, 224, 144)	rgb(255, 224, 144)	rgb(0, 0, 0)	rgb(255, 224, 144)	rgb(255, 224, 144)	rgb(255, 200, 144)	rgb(0, 0, 0)	rgb(255, 255, 255)	rgb(255, 255, 255)	rgb(255, 255, 255)	rgb(255, 255, 255)
rgb(255, 255, 255)	rgb(255, 255, 255)	rgb(255, 255, 255)	rgb(255, 255, 255)	rgb(0, 0, 0)	rgb(255, 224, 144)	rgb(255, 224, 144)	rgb(255, 224, 144)	rgb(255, 224, 144)	rgb(255, 224, 144)	rgb(255, 224, 144)	rgb(255, 224, 144)	rgb(255, 224, 144)	rgb(255, 224, 144)	rgb(255, 224, 144)	rgb(0, 0, 0)	rgb(255, 255, 255)	rgb(255, 255, 255)	rgb(255, 255, 255)	rgb(255, 255, 255)
rgb(255, 255, 255)	rgb(255, 255, 255)	rgb(255, 255, 255)	rgb(255, 255, 255)	rgb(255, 255, 255)	rgb(0, 0, 0)	rgb(255, 224, 144)	rgb(255, 224, 144)	rgb(255, 224, 144)	rgb(255, 224, 144)	rgb(255, 224, 144)	rgb(255, 224, 144)	rgb(255, 224, 144)	rgb(255, 224, 144)	rgb(0, 0, 0)	rgb(255, 255, 255)	rgb(255, 255, 255)	rgb(255, 255, 255)	rgb(255, 255, 255)	rgb(255, 255, 255)
rgb(255, 255, 255)	rgb(255, 255, 255)	rgb(255, 255, 255)	rgb(255, 255, 255)	rgb(255, 255, 255)	rgb(255, 255, 255)	rgb(0, 0, 0)	rgb(0, 0, 0)	rgb(0, 0, 0)	rgb(0, 0, 0)	rgb(0, 0, 0)	rgb(0, 0, 0)	rgb(0, 0, 0)	rgb(0, 0, 0)	rgb(255, 255, 255)	rgb(255, 255, 255)	rgb(255, 255, 255)	rgb(255, 255, 255)	rgb(255, 255, 255)	rgb(255, 255, 255)
rgb(255, 255, 255)	rgb(255, 255, 255)	rgb(255, 255, 255)	rgb(255, 255, 255)	rgb(255, 255, 255)	rgb(255, 255, 255)	rgb(255, 255, 255)	rgb(255, 255, 255)	rgb(255, 255, 255)	rgb(255, 255, 255)	rgb(255, 255, 255)	rgb(255, 255, 255)	rgb(255, 255, 255)	rgb(255, 255, 255)	rgb(255, 255, 255)	rgb(255, 255, 255)	rgb(255, 255, 255)	rgb(255, 255, 255)	rgb(255, 255, 255)	rgb(255, 255, 255)
rgb(255, 255, 255)	rgb(255, 255, 255)	rgb(255, 255, 255)	rgb(255, 255, 255)	rgb(255, 255, 255)	rgb(255, 255, 255)	rgb(255, 255, 255)	rgb(255, 255, 255)	rgb(255, 255, 255)	rgb(255, 255, 255)	rgb(255, 255, 255)	rgb(255, 255, 255)	rgb(255, 255, 255)	rgb(255, 255, 255)	rgb(255, 255, 255)	rgb(255, 255, 255)	rgb(255, 255, 255)	rgb(255, 255, 255)	rgb(255, 255, 255)	rgb(255, 255, 255)
